ACTIVE_PART_STACK__BACKGROUND_COLOR=0.0, 0.0, 0.17021275, 0|0.0, 0.0, 0.170213, 100
ACTIVE_PART_STACK__BODY_BACKGROUND_COLOR=0.0, 0.9680851, 0.0
ACTIVE_PART_STACK__BORDER_COLOR=24.532019, 0.82520324, 0.9647059, 0|24.532019, 0.825203, 0.964706, 100
ACTIVE_PART_STACK__CHEVRON_COLOR=0.0, 0.0, 0.84042555
ACTIVE_PART_STACK__HEADER_BACKGROUND_COLOR=210.0, 0.30319148, 0.90957445, 0|209.21053, 0.3882979, 0.80851066, 100
ACTIVE_PART_STACK__HOVER_FILL_COLOR=0.0, 0.0, 0.2712766, 0|0.0, 0.0, 0.180392, 100
ACTIVE_PART_STACK__HOVER_TEXT_COLOR=180.0, 0.040609, 0.772549
ACTIVE_PART_STACK__HOVER_TEXT_SHADOW_COLOR=180.0, 0.040609132, 0.77254903
ACTIVE_PART_STACK__HOVER_TEXT_SHADOW_POSITION=0, 0
ACTIVE_PART_STACK__SELECTED_FILL_COLOR=0.0, 0.0, 0.18039216, 100|24.532019, 0.825203, 0.964706, 100|0.0, 0.0, 0.0, 100
ACTIVE_PART_STACK__SELECTED_TEXT_COLOR=0.0, 0.0, 1.0
ACTIVE_PART_STACK__UNSELECTED_TEXT_COLOR=0.0, 0.0, 0.7712766
ACTIVE_PART_STACK__UNSELECTED_TEXT_SHADOW_POSITION=0, 0
EDITORS_PART_STACK__FILL_COLOR=0.0, 0.0, 0.16078432, 0|0.0, 0.0, 0.160784, 0|0.0, 0.0, 0.160784, 100
EMPTY_PART_STACK__FILL_COLOR=0.0, 0.0, 0.16078432, 0|0.0, 0.0, 0.0, 0|0.0, 0.0, 0.0, 100
INACTIVE_PART_STACK__BACKGROUND_COLOR=0.0, 0.0, 0.17021275, 0|0.0, 0.0, 0.170213, 100
INACTIVE_PART_STACK__BODY_BACKGROUND_COLOR=0.0, 0.0, 0.0
INACTIVE_PART_STACK__BORDER_COLOR=24.532019, 0.82520324, 0.9647059, 0|24.532019, 0.825203, 0.964706, 100
INACTIVE_PART_STACK__CHEVRON_COLOR=0.0, 0.0, 0.840426
INACTIVE_PART_STACK__CLOSE_BUTTON_ACTIVE_COLOR=0.0, 0.87765956, 0.86702126
INACTIVE_PART_STACK__CLOSE_BUTTON_COLOR=0.0, 1.0, 0.037234068
INACTIVE_PART_STACK__CLOSE_BUTTON_HOVER_COLOR=0.0, 0.5106383, 0.69148934
INACTIVE_PART_STACK__HEADER_BACKGROUND_COLOR=210.0, 0.06382979, 0.9787234, 0|210.0, 0.11170213, 0.96276593, 0|208.96552, 0.1277533, 0.8901961, 53|208.96552, 0.095744684, 0.9361702, 100
INACTIVE_PART_STACK__HOVER_BORDER_COLOR=24.532019, 0.0, 0.6117021, 0|24.532019, 0.0, 0.611702, 100
INACTIVE_PART_STACK__HOVER_FILL_COLOR=0.0, 0.0, 0.2712766, 0|0.0, 0.0, 0.180392, 100
INACTIVE_PART_STACK__HOVER_TEXT_COLOR=180.0, 0.040609, 0.772549
INACTIVE_PART_STACK__HOVER_TEXT_SHADOW_COLOR=180.0, 0.040609132, 0.77254903
INACTIVE_PART_STACK__HOVER_TEXT_SHADOW_POSITION=0, 0
INACTIVE_PART_STACK__SELECTED_BORDER_COLOR=24.532019, 0.825203, 0.964706, 0|24.532019, 0.825203, 0.964706, 100
INACTIVE_PART_STACK__SELECTED_FILL_COLOR=0.0, 0.0, 0.18039216, 0|0.0, 0.0, 0.0, 100
INACTIVE_PART_STACK__SELECTED_TEXT_COLOR=0.0, 0.0, 1.0
INACTIVE_PART_STACK__UNSELECTED_BORDER_COLOR=24.532019, 0.0, 0.6117021, 0|24.532019, 0.0, 0.611702, 100
INACTIVE_PART_STACK__UNSELECTED_TEXT_COLOR=0.0, 0.9893617, 0.037234068
INACTIVE_PART_STACK__UNSELECTED_TEXT_SHADOW_POSITION=0, 0
LAYOUT__BORDER_RADIUS=
LAYOUT__SHOW_SHADOW=false
MEMENTO__LAST_CHOOSED_PRESET=net.jeeeyul.eclipse.themes.user.preset.Black Theme
OTHERS__USER_CSS=.MPart Composite,\n.MPart Tree,\n.MPart Table,\n.MPart CTabFolder\n{\n\tbackground-color \: black;\n\tcolor \: white;\n}\n\n.MPart.Editor Canvas{\n\tbackground-color\: black;\n}
TEXT_EDITOR__UNDER_LINE_COLOR=0.0, 0.0, 0.0
TEXT_EDITOR__UNDER_LINE_STYLE=
WINDOW__BACKGROUND_COLOR=0.0, 0.0, 0.15957445
WINDOW__PERSPECTIVE_SWITCHER_FILL_COLOR=0.0, 0.0, 0.16078432, 100|0.0, 0.0, 0.160784, 100
WINDOW__PERSPECTIVE_SWITCHER_KEY_LINE_COLOR=0.0, 1.0, 0.0
WINDOW__STATUS_BAR_FILL_COLOR=0.0, 0.0, 0.569149, 0|0.0, 0.0, 0.36702126, 0|0.0, 0.0, 0.31914896, 0
WINDOW__TOOLBAR_FILL_COLOR=0.0, 0.0, 0.42553192, 0|0.0, 0.0, 0.20744681, 0
eclipse.preferences.version=1
